/*
The 1st array for temp and precipitation will be for the 1st biome in the following String array:
Biomes = {"Tropical Rainforest", "Tundra", "Desert", "Chaparral", "Deciduous Forest", "Taiga Forest", "Savanna", "Grassland"}
TEMPERATURE (celsius):
[26.3, 26.3, 26.3, 25.9, 25.9, 25.5, 25.2, 25.9, 26.3, 26.5, 26.6, 26.5]
[-25.8, -27.8, -26, -18.2, -7.2, 1, 4.1, 3.3, -0.8, -9.2, -18.1, -23.9]
[13.2, 16.1, 18.8, 20.9, 24.5, 27.7, 34.3, 33.9, 28.4, 23.7, 18.3, 13.2]
[13.5, 14.1, 14.8, 16, 17.4, 19.5, 22, 22.4, 21.6, 19.5, 17, 14.4]
[-0.2, 0.8, 5.7, 11.3, 17, 22, 24.8, 24.1, 20.1, 14.1, 8.6, 2.5]
[-1.2, 0.7, 3.8, 9, 14, 19.3, 23, 21.8, 16.8, 10.7, 3.8, -0.5]
[26.4, 26.5, 26.1, 25, 23.2, 21.7, 21, 20.7, 21.4, 22.4, 23.9, 25.4]
[23, 22, 19.9, 15.6, 11.5, 8.2, 8.1, 10.7, 14.9, 18, 20, 22]
PRECIPITATION (millimeters per YEAR OR MONTH LOOK BACK AT THIS):
[267.7, 254.1, 322.9, 301.3, 267.1, 20.76, 162.6, 165.9, 190.2, 230.6, 249.3, 258.4]
[4.2, 3.8, 3.3, 3.7, 3.3, 7.8, 21.8, 22.8, 14.7, 12.8, 6.4, 4.5]
[3.3, 2.4, 3.8, 1.7, 0.6, 0, 0.1, 1.9, 7.5, 8.9, 6.6, 7]
[67.1, 59.4, 45.6, 21.6, 3.3, 0.6, 0.1, 2.6, 5, 7.5, 39.5, 39.5]
[83.6, 78.8, 98.5, 93.4, 106, 84.5, 105, 104.3, 91.2, 83.5, 106.6, 92.3]
[13.9, 15.6, 33.6, 44.5, 62.7, 43.2, 47.2, 37.6, 28.3, 25.7, 22.9, 14.8]
[222, 200, 239, 163, 103, 78, 74, 58, 43, 36, 73, 126]
[84, 92, 76, 50, 20, 10, 10, 14, 21, 50, 63, 64]
*/
